0.0
0.0
-1.6765558056511164e-05
0.0
0.0
-1.5904755361055438e-05
1.6631176044373927e-05
0.0
-1.6631176053381712e-05
0.0
0.0
6.765402282535688e-08
-6.766366981386624e-08
0.0
-2.0008472966146084e-09
1.9337515979917503e-06
-1.9337515979909867e-06
0.0
23.59081255861715
-104.8898169428231
0.0
-59.86115147063949
2.7656665402682495e-05
2.6455923039797064e-12
-2.7656665431080976e-05
1.7270594589529958e-05
-7.035963990907948e-07
5.126295132484757e-06
2.2150807555179218e-05
-1.1022835674548323e-05
-1.8813101336438332e-06
