6.236508212916163
24.52421701567036
9.453960338864832
23.22600433308123
8.11443057802842
0.05729575082080177
0.004871485700476717
0.0033866097132902737
0.011368569950496624
0.004473995900180393
0.004984519704286601
0.0034459708985732753
0.011708791916564099
0.004473998535671901
10.68561520619025
10.802115943033522
12.009943117643124
10.22874144991942
5.057818636980866e-05
0.0003382577013049979
2.1834271540722133e-05
0.008805924105510607
0.0001530391463993911
0.00017438358572090444
0.00023928251041522918
4.210829211935337e-05
0.0001129412803675158
0.00013005992424681124
0.00021729053711721589
7.788317444670658e-06
8.371153472188866e-07
1.7765365276288342e-06
1.4044403946331285e-07
0.00022786813101297173
2.4342087098683214e-05
0.000318412670492331
1140.345242479052
1381.261799344183
80.93602790194616
439.1485504378487
0.00042347110650728647
7.457251140247885e-05
0.00019905394689437902
0.00031250477758981433
9.505434741118473e-05
6.37415864748501e-05
0.0007375021061379104
0.00021323593396192805
0.0001414224607507154
5.132047726297428e-05
0.00033761173350500476
1.5978441734943124e-05
0.008805924105510607
0.00015258390783703292
0.00016844481145822368
0.00023928251041522918
4.210829211935337e-05
0.00011284254683578721
0.00013005992424681124
0.00021729053711721589
7.788317444670658e-06
8.371153472188866e-07
1.7765365276288342e-06
1.4044403946331285e-07
0.00022786813101297173
2.4342087098683214e-05
0.000318412670492331
1140.3349638420982
1381.2458882158992
80.93602790194616
438.55441183384744
0.00042347110650728647
7.457251140247885e-05
0.00019879068921577125
0.00031249287182128415
9.505169995004743e-05
6.37415864748501e-05
0.0007375021061379104
0.00021323593396192805
0.0001414224607507154
