0.2567651076988198
14.289038469305911
3.80364631875891
9.617275167282479
2.138036849818866
0.07190705542392471
0.0006443430222616443
0.000338641129118295
0.0020317889310261022
0.0002813192096596521
0.0007915324986347581
0.0003518146509774457
0.0020968806468758118
0.0002813205973087701
0.27891496504552704
0.6371730130800966
1.5308112627800472
0.1307075979287891
0.00011975463907816324
0.000257590941140171
2.950659520651696e-05
0.0057899647615959485
0.00024350884620265845
0.0002346820440290341
0.00018517274721000025
6.05243216907108e-05
0.00012002968985047075
0.0001460586155880549
0.000425784879478237
7.1798282705088946e-06
7.997818374577961e-07
2.519006210051367e-06
9.911175129482952e-08
0.0001809161178452861
1.7034659382818972e-05
0.00044002290825245337
586.9781154708323
769.4093032561875
108.98641337841514
404.6054291631692
0.0003173008391957492
0.00010805602957147401
0.0002018706557493872
0.00020244937106175643
4.939314581137628e-05
8.387217605336011e-05
0.000491633946079463
0.00013757674890403393
0.00017625784220781033
0.00012098080405016636
0.0002566151709516226
1.6699439479189776e-05
0.0057899647615959485
0.00024263002725360736
0.00023226346775253768
0.00018517274721000025
6.05243216907108e-05
0.00011984808501921333
0.0001460586155880549
0.000425784879478237
7.1798282705088946e-06
7.997818374577961e-07
2.519006210051367e-06
9.911175129482952e-08
0.0001809161178452861
1.7034659382818972e-05
0.00044002290825245337
586.9613136356871
769.3785568230927
108.98641337841514
403.204219967329
0.0003173008391957492
0.00010805602957147401
0.00020128203229990684
0.0002024258885000721
4.9385049103682575e-05
8.387217605336011e-05
0.000491633946079463
0.00013757674890403393
0.00017625784220781033
