0.0
0.0
2.7753325257854274e-05
0.0
0.0
0.00012513577498274108
3.412504924274356e-05
0.0
3.41250492382562e-05
0.0
0.0
1.0215881364957848e-07
1.0240663200298529e-07
0.0
2.8987297993775296e-08
2.5838588036640278e-06
2.583858803664712e-06
0.0
129.6857889053265
239.3225226185097
0.0
122.78966737614113
5.5591481844556907e-05
2.353309396828629e-10
5.559148183047489e-05
2.6512023153545544e-05
1.452003792215358e-05
1.0125860417440967e-05
0.00012139109176111957
3.4507551022009786e-05
4.67537628333951e-05
